aux.ctl.1_rcpwm.deadband: 9.999999747378752e-05
aux.ctl.1_rcpwm.rev_mid_fwd: [0.0010000000474974513, 0.001500000013038516, 0.0020000000949949026]
aux.ctl.2_voltage.deadband: 0.15000000596046448
aux.ctl.2_voltage.rev_mid_fwd: [0.0, 1.649999976158142, 3.299999952316284]
aux.ctl.dead0: false
aux.ctl.mode: ''
aux.ctl.type: 0
aux.power_output: false
aux.pull: 0
drive.current_brake_pu: 0.20000000298023224
drive.flux_weakening.bemf_pid: [4.0, 2.0, 0.009999999776482582]
drive.flux_weakening.voltage_boost: 1.0
drive.observer.0_ekf.proc_noise: [1000000.0, 3000000.0, 100000000.0]
drive.observer.0_ekf.sched_factor: [0.800000011920929, 0.949999988079071]
drive.observer.1_mras.gain: 1000.0
drive.observer.type: 0
drive.pre_calibrate: false
drive.runner.0_ramp.spinup_current_pu: [0.5, 0.5]
drive.runner.0_ramp.spinup_duration: [0.20000000298023224, 0.4000000059604645, 1.5, 0.0020000000949949026, 0.014999999664723873, 0.6000000238418579]
drive.runner.0_ramp.velocity_stall_spinup: [30.0, 50.0]
drive.runner.1_passive.delay: 0.20000000298023224
drive.runner.1_passive.velocity_off_on: [10.0, 20.0]
drive.runner.type: 0
drive.stall_limit: 20
drive.velocity_ctl.1_pid.feedforward: [0.0, 0.0]
drive.velocity_ctl.1_pid.gain: [0.0, 0.0, 0.0]
drive.velocity_ctl.2_indi.acceleration_pi: [0.0, 0.0]
drive.velocity_ctl.2_indi.mass: 0.0
drive.velocity_ctl.acceleration: [-2000.0, 2000.0]
drive.velocity_ctl.type: 0
drive.voltage_clipping: false
mns.deadman_timeout: 0.5
mns.local_timestamp: false
mns.pub_interval_min: 0.05000000074505806
mns.ratiometric_setpoint_min: 0.0
mns.ratiometric_to_absolute_mul: 0.0
mns.setpoint_index: 0
mns.status_period: 1.0
motor.current_ctl_bwr: 0.03999999910593033
motor.current_max: 10.0
motor.current_ramp: 5000.0
motor.flux_linkage: 0.0017597193364053965
motor.inductance_dq: [3.27029156323988e-05, 3.27029156323988e-05]
motor.mechanical_ratio: 1
motor.resistance: 0.13481730222702026
motor.thermistor_v2k: [0.0, 0.0, 0.0]
motor.voltage_ramp: 20.0
servo.profile.acceleration: [-200.0, 100.0]
servo.profile.jerk: 2000.0
servo.profile.velocity: [-50.0, 50.0]
standby.brake_voltage: .nan
sys.debug: true
sys.golden: sys.
uavcan.can.bitrate: [1000000, 0]
uavcan.can.count: 2
uavcan.node.description: ''
uavcan.node.id: 125
uavcan.pub.compact.id: 65535
uavcan.pub.compact.prio: 3
uavcan.pub.dq.id: 65535
uavcan.pub.dq.prio: 3
uavcan.pub.dynamics.id: 65535
uavcan.pub.dynamics.prio: 3
uavcan.pub.feedback.id: 65535
uavcan.pub.feedback.prio: 3
uavcan.pub.power.id: 65535
uavcan.pub.power.prio: 3
uavcan.pub.status.id: 65535
uavcan.pub.status.prio: 4
uavcan.pub.temperature.id: 65535
uavcan.pub.temperature.prio: 5
uavcan.srv.low_level_io.id: 65535
uavcan.sub.readiness.id: 45
uavcan.sub.setpoint_dynamics.id: 65535
uavcan.sub.setpoint_rat_torque.id: 65535
uavcan.sub.setpoint_rat_torque_u9.id: 65535
uavcan.sub.setpoint_rat_velocity_u9.id: 65535
uavcan.sub.setpoint_rat_voltage.id: 65535
uavcan.sub.setpoint_rat_voltage_u9.id: 65535
uavcan.sub.setpoint_servo.id: 46
uavcan.sub.setpoint_velocity.id: 65535
vsi.activation_latency: 0.009999999776482582
vsi.bridge_resistance: [0.004000000189989805, 0.007000000216066837, 0.004000000189989805, 0.007000000216066837, 0.004000000189989805, 0.004000000189989805]
vsi.calibration_duration: 2.0
vsi.dc_voltage_gain: 18.799999237060547
vsi.hw_fault_latency: 0.10000000149011612
vsi.phase_current_gain: [33.33333206176758, 33.33333206176758, 8.333333015441895, 8.333333015441895]
vsi.phase_current_gain_attack_decay: [1.5, 0.36000001430511475]
vsi.phase_current_gain_decay_time: 0.10000000149011612
vsi.phase_current_sampling_window: 1.9000000293090125e-06
vsi.phase_current_stderr: [0.4472135901451111, 0.4472135901451111, 0.3162277638912201, 0.3162277638912201]
vsi.pwm_dead_time: 0.0
vsi.pwm_freq_mul_log2: 0
vsi.shortest_time_in_disabled_state: 1.9999999494757503e-05
vsi.swap_ab: false
vsi.thermistor_v2k: [223.14999389648438, 100.0, 0.0]
vsi.tick_freq: 29402.15625
zubax.cookie: ''
